seed : 371284128-v3-40-L1
on https://kjell.haxx.se/sudoku/

problem
9     | 7     |
    7 | 1 9   | 4 6 2
6 1   | 2     | 9 7 3
------+-------+------
2     |       | 3 8 7
    8 | 3   2 |     6
4 7 3 | 8 5 6 | 1 2
------+-------+------
  6 4 |     7 | 2 9 1
      |   8 1 |
  3 1 | 9     |   5 8

(0,0,'9'),(0,3,'7'),(1,2,'7'),(1,3,'1'),(1,4,'9'),(1,6,'4'),(1,7,'6'),(1,8,'2'),
(2,0,'6'),(2,1,'1'),(2,3,'2'),(2,6,'9'),(2,7,'7'),(2,8,'3'),(3,0,'2'),(3,6,'3'),
(3,7,'8'),(3,8,'7'),(4,2,'8'),(4,3,'3'),(4,5,'2'),(4,8,'6'),(5,0,'4'),(5,1,'7'),
(5,2,'3'),(5,3,'8'),(5,4,'5'),(5,5,'6'),(5,6,'1'),(5,7,'2'),(6,1,'6'),(6,2,'4'),
(6,5,'7'),(6,6,'2'),(6,7,'9'),(6,8,'1'),(7,4,'8'),(7,5,'1'),(8,1,'3'),(8,2,'1'),
(8,3,'9'),(8,7,'5'),(8,8,'8')

solution
9 4 2 | 7 6 3 | 8 1 5
3 8 7 | 1 9 5 | 4 6 2
6 1 5 | 2 4 8 | 9 7 3
------+-------+------
2 5 6 | 4 1 9 | 3 8 7
1 9 8 | 3 7 2 | 5 4 6
4 7 3 | 8 5 6 | 1 2 9
------+-------+------
8 6 4 | 5 3 7 | 2 9 1
5 2 9 | 6 8 1 | 7 3 4
7 3 1 | 9 2 4 | 6 5 8
