
vector view
00 01 02 | 03 04 05 | 06 07 08
09 10 11 | 12 13 14 | 15 16 17
18 19 20 | 21 22 23 | 24 25 26
---------+----------+---------
27 28 29 | 30 31 32 | 33 34 35
36 37 38 | 39 40 41 | 42 43 44
45 46 47 | 48 49 50 | 51 52 53
---------+----------+---------
54 55 56 | 57 58 59 | 60 61 62
63 64 65 | 66 67 68 | 69 70 71
72 73 74 | 75 76 77 | 78 79 80

matrix view
00 01 02 | 03 04 05 | 06 07 08
10 11 12 | 13 14 15 | 16 17 18
20 21 22 | 23 24 25 | 26 27 28
---------+----------+---------
30 31 32 | 33 34 35 | 36 37 38
40 41 42 | 43 44 45 | 46 47 48
50 51 52 | 53 54 55 | 56 57 58
---------+----------+---------
60 61 62 | 63 64 65 | 66 67 68
70 71 72 | 73 74 75 | 76 77 78
80 81 82 | 83 84 85 | 86 87 88

to go from matrix view to grid view
vector_index = matrix_row * num_columns + matrix_column

using matrix view, the rules assert_eq
rule index | rule name | value                        | Notes
-----------+-----------+------------------------------+---------------
0          | row 0     | [00,01,02,03,04,05,06,07,08] | (0..8).map(|x|(0,x))
1          | row 1     | [10,11,12,13,14,15,16,17,18] | (0..8).map(|x|(1,x))
2          | row 2     | [20,21,22,23,24,25,26,27,28] | (0..8).map(|x|(2,x))
3          | row 3     | [30,31,32,33,34,35,36,37,38] | (0..8).map(|x|(3,x))
4          | row 4     | [40,41,42,43,44,45,46,47,48] | (0..8).map(|x|(4,x))
5          | row 5     | [50,51,52,53,54,55,56,57,58] | (0..8).map(|x|(5,x))
6          | row 6     | [60,61,62,63,64,65,66,67,68] | (0..8).map(|x|(6,x))
7          | row 7     | [70,71,72,73,74,75,76,77,78] | (0..8).map(|x|(7,x))
8          | row 8     | [80,81,82,83,84,85,86,87,88] | (0..8).map(|x|(8,x))
9          | column 0  | [00,10,20,30,40,50,60,70,80] | (0..8).map(|x|(x,0))
10         | column 1  | [01,11,21,31,41,51,61,71,81] | (0..8).map(|x|(x,1))
11         | column 2  | [02,12,22,32,42,52,62,72,82] | (0..8).map(|x|(x,2))
12         | column 3  | [03,13,23,33,43,53,63,73,83] | (0..8).map(|x|(x,3))
13         | column 4  | [04,14,24,34,44,54,64,74,84] | (0..8).map(|x|(x,4))
14         | column 5  | [05,15,25,35,45,55,65,75,85] | (0..8).map(|x|(x,5))
15         | column 6  | [06,16,26,36,46,56,66,76,86] | (0..8).map(|x|(x,6))
16         | column 7  | [07,17,27,37,47,57,67,77,87] | (0..8).map(|x|(x,7))
17         | column 8  | [08,18,28,38,48,58,68,78,88] | (0..8).map(|x|(x,8))
18         | square 00 | [00,01,02,10,11,12,20,21,22] | (0..2).cartesian_product((0..2))
19         | square 01 | [03,04,05,13,14,15,23,24,25] | (0..2).cartesian_product((3..5))
20         | square 02 | [06,07,08,16,17,18,26,27,28] | (0..2).cartesian_product((6..8))
21         | square 10 | [30,31,32,40,41,42,50,51,52] | (3..5).cartesian_product((0..2))
22         | square 11 | [33,34,35,43,44,45,53,54,55] | (3..5).cartesian_product((3..5))
23         | square 12 | [36,37,38,46,47,48,56,57,58] | (3..5).cartesian_product((6..8))
24         | square 20 | [60,61,62,70,71,72,80,81,82] | (6..8).cartesian_product((0..2))
25         | square 21 | [63,64,65,73,74,75,83,84,85] | (6..8).cartesian_product((3..5))
26         | square 22 | [66,67,68,76,77,78,86,87,88] | (6..8).cartesian_product((6..8))
